400.0 0.0 200.0 0 0 0
399.942201392 6.7996724714 199.884411136 0 0 0
399.768822271 13.5973798848 199.537778151 0 0 0
399.479912744 20.39115775 198.960501714 0 0 0
399.075556301 27.1790427126 198.153249093 0 0 0
398.555869801 33.959073121 197.116953382 0 0 0
397.921003428 40.7292895936 195.852812423 0 0 0
397.171140655 47.487735585 194.362287423 0 0 0
396.306498186 54.2324579513 192.647101261 0 0 0
395.327325898 60.9615075147 190.709236504 0 0 0
394.233906764 67.6729396268 188.550933106 0 0 0
393.026556775 74.3648147303 186.174685825 0 0 0
391.705624846 81.0351989199 183.58324134 0 0 0
390.271492718 87.6821645011 180.779595071 0 0 0
388.724574845 94.303790547 177.766987721 0 0 0
387.065318275 100.898163454 174.548901529 0 0 0
385.294202523 107.463377494 171.129056244 0 0 0
383.411739427 113.997535365 167.511404827 0 0 0
381.418473008 120.498748743 163.700128879 0 0 0
379.314979304 126.96513882 159.699633811 0 0 0
377.101866211 133.394836856 155.51454375 0 0 0
374.779773304 139.785984713 151.149696194 0 0 0
372.349371651 146.136735393 146.610136422 0 0 0
369.81136362 152.445253574 141.901111657 0 0 0
367.16648268 158.709716137 137.028065009 0 0 0
364.415493182 164.928312697 131.996629177 0 0 0
361.559190142 171.099246123 126.81261994 0 0 0
358.598399013 177.220733057 121.482029437 0 0 0
355.533975442 183.291004433 116.011019235 0 0 0
352.366805027 189.308305985 110.405913213 0 0 0
349.097803058 195.270898753 104.67319025 0 0 0
345.727914254 201.177059591 98.8194767358 0 0 0
342.258112488 207.025081659 92.8515389103 0 0 0
338.689400511 212.813274919 86.7762750456 0 0 0
335.022809653 218.539966624 80.60070747 0 0 0
331.259399536 224.203501799 74.3319744521 0 0 0
327.400257757 229.802243724 67.9773219491 0 0 0
323.446499583 235.334574399 61.5440952317 0 0 0
319.399267622 240.798895019 55.0397303935 0 0 0
315.259731495 246.193626436 48.4717457561 0 0 0
311.0290875 251.517209607 41.8477331783 0 0 0
306.708558264 256.768106056 35.1753492809 0 0 0
302.299392389 261.944798309 28.4623065968 0 0 0
297.802864094 267.045790339 21.7163646558 0 0 0
293.220272843 272.069607994 14.9453210155 0 0 0
288.552942975 277.014799425 8.15700224832 0 0 0
283.802223314 281.879935508 1.35925489491 0 0 0
278.969486786 286.663610251 -5.44006360579 0 0 0
274.056130018 291.364441206 -12.2330939988 0 0 0
269.063572936 295.981069866 -19.0119842973 0 0 0
263.993258354 300.512162056 -25.7688988591 0 0 0
258.846651558 304.956408323 -32.4960274434 0 0 0
253.625239881 309.312524311 -39.1855942386 0 0 0
248.330532275 313.579251131 -45.8298668505 0 0 0
242.964058873 317.755355731 -52.4211652397 0 0 0
237.52737055 321.839631245 -58.9518705995 0 0 0
232.022038469 325.830897345 -65.4144341615 0 0 0
226.449653635 329.728000583 -71.8013859219 0 0 0
220.811826426 333.529814725 -78.1053432759 0 0 0
215.110186137 337.235241071 -84.3190195506 0 0 0
209.346380501 340.84320878 -90.4352324282 0 0 0
203.522075218 344.352675173 -96.4469122477 0 0 0
197.638953472 347.762626041 -102.347110177 0 0 0
191.698715443 351.072075929 -108.129006243 0 0 0
185.703077821 354.280068432 -113.78591722 0 0 0
179.653773301 357.38567646 -119.311304347 0 0 0
173.552550091 360.388002515 -124.698780892 0 0 0
167.401171402 363.286178946 -129.942119533 0 0 0
161.20141494 366.079368199 -135.035259553 0 0 0
154.955072391 368.766763064 -139.972313851 0 0 0
148.663948904 371.3475869 -144.747575741 0 0 0
142.329862571 373.821093868 -149.355525551 0 0 0
135.954643898 376.186569142 -153.790837006 0 0 0
129.54013528 378.443329115 -158.048383379 0 0 0
123.088190463 380.590721601 -162.123243421 0 0 0
116.600674017 382.628126016 -166.010707047 0 0 0
110.079460787 384.554953567 -169.706280782 0 0 0
103.526435359 386.370647412 -173.205692954 0 0 0
96.9434915122 388.07468283 -176.504898634 0 0 0
90.3325316709 389.666567365 -179.600084305 0 0 0
83.6954663566 391.145840974 -182.487672278 0 0 0
77.034213635 392.512076158 -185.164324824 0 0 0
70.3506985619 393.764878083 -187.62694803 0 0 0
63.6468526265 394.903884699 -189.872695377 0 0 0
56.9246131937 395.928766842 -191.898971032 0 0 0
50.1859229438 396.839228326 -193.703432846 0 0 0
43.4327293116 397.635006035 -195.283995061 0 0 0
36.6669839228 398.315869995 -196.638830725 0 0 0
29.8906420309 398.881623441 -197.766373797 0 0 0
23.1056619515 399.332102874 -198.665320964 0 0 0
16.3140044966 399.667178109 -199.334633143 0 0 0
9.51763240799 399.88675231 -199.773536683 0 0 0
2.71850978983 399.990762024 -199.981524261 0 0 0
-4.08139845875 399.979177191 -199.958355467 0 0 0
-10.8801272116 399.85200116 -199.70405708 0 0 0
-17.6757116834 399.609270684 -199.218923041 0 0 0
-24.4661879975 399.25105591 -198.503514112 0 0 0
-31.2495937536 398.777460359 -197.558657226 0 0 0
-38.0239685946 398.188620898 -196.385444531 0 0 0
-44.7873547733 397.484707696 -194.985232131 0 0 0
-51.5377977182 396.665924181 -193.359638516 0 0 0
-58.2733465983 395.732506974 -191.510542691 0 0 0
-64.9920548868 394.684725828 -189.440082004 0 0 0
-71.6919809237 393.522883542 -187.150649678 0 0 0
-78.3711884772 392.247315882 -184.644892042 0 0 0
-85.0277473027 390.858391478 -181.925705472 0 0 0
-91.6597337009 389.356511719 -178.996233045 0 0 0
-98.2652310741 387.742110638 -175.859860905 0 0 0
-104.842330479 386.015654786 -172.520214349 0 0 0
-111.389131181 384.177643096 -168.981153637 0 0 0
-117.903741199 382.228606741 -165.246769528 0 0 0
-124.384277856 380.169108979 -161.321378555 0 0 0
-130.828868323 377.999744991 -157.209518033 0 0 0
-137.235650157 375.721141707 -152.915940815 0 0 0
-143.602771844 373.333957629 -148.445609797 0 0 0
-149.928393329 370.838882635 -143.803692185 0 0 0
-156.210686552 368.236637785 -138.995553518 0 0 0
-162.447835973 365.527975109 -134.026751469 0 0 0
-168.638039101 362.713677393 -128.90302942 0 0 0
-174.779507009 359.794557949 -123.630309824 0 0 0
-180.870464856 356.771460381 -118.214687357 0 0 0
-186.909152398 353.645258345 -112.662421875 0 0 0
-192.893824495 350.41685529 -106.979931179 0 0 0
-198.82275162 347.087184203 -101.173783596 0 0 0
-204.694220353 343.657207336 -95.2506903848 0 0 0
-210.506533882 340.127915927 -89.2174979828 0 0 0
-216.258012487 336.500329918 -83.0811800881 0 0 0
-221.946994032 332.775497656 -76.8488296009 0 0 0
-227.57183444 328.954495591 -70.5276504244 0 0 0
-233.130908172 325.038427967 -64.1249491377 0 0 0
-238.622608694 321.028426499 -57.6481265506 0 0 0
-244.045348943 316.92565005 -51.1046691487 0 0 0
-249.397561784 312.731284294 -44.5021404401 0 0 0
-254.677700466 308.446541373 -37.8481722129 0 0 0
-259.884239066 304.072659549 -31.1504557132 0 0 0
-265.015672929 299.610902843 -24.4167327555 0 0 0
-270.070519107 295.062560671 -17.6547867737 0 0 0
-275.047316784 290.428947472 -10.8724338244 0 0 0
-279.944627702 285.711402329 -4.07751355236 0 0 0
-284.76103657 280.91128858 2.72211987132 0 0 0
-289.495151481 276.029993423 9.51860682755 0 0 0
-294.145604308 271.068927519 16.3040913343 0 0 0
-298.711051103 266.029524582 23.070730127 0 0 0
-303.190172482 260.913240964 29.8107017247 0 0 0
-307.581674013 255.721555235 36.5162154709 0 0 0
-311.88428658 250.455967756 43.1795205384 0 0 0
-316.096766759 245.118000246 49.7929148884 0 0 0
-320.217897172 239.70919534 56.3487541737 0 0 0
-324.246486842 234.231116145 62.8394605739 0 0 0
-328.181371534 228.685345787 69.2575315553 0 0 0
-332.021414094 223.073486957 75.5955485426 0 0 0
-335.765504776 217.397161441 81.8461854938 0 0 0
-339.412561564 211.658009658 88.0022173688 0 0 0
-342.961530484 205.857690184 94.0565284802 0 0 0
-346.411385909 199.99787927 100.002120718 0 0 0
-349.761130854 194.080270361 105.832121641 0 0 0
-353.009797267 188.106573605 111.539792416 0 0 0
-356.156446305 182.078515358 117.118535612 0 0 0
-359.20016861 175.997837688 122.561902823 0 0 0
-362.140084565 169.866297867 127.863602122 0 0 0
-364.975344557 163.685667869 133.017505336 0 0 0
-367.705129214 157.457733852 138.017655126 0 0 0
-370.328649648 151.184295645 142.858271876 0 0 0
-372.84514768 144.86716623 147.533760371 0 0 0
-375.253896059 138.508171211 152.038716269 0 0 0
-377.554198674 132.109148296 156.367932342 0 0 0
-379.745390754 125.671946755 160.516404497 0 0 0
-381.826839058 119.198426897 164.479337563 0 0 0
-383.797942064 112.690459524 168.252150831 0 0 0
-385.658130135 106.149925391 171.830483349 0 0 0
-387.406865691 99.5787146693 175.210198962 0 0 0
-389.04364336 92.9787263918 178.387391096 0 0 0
-390.567990123 86.3518679096 181.358387271 0 0 0
-391.979465455 79.7000543386 184.119753346 0 0 0
-393.27766145 73.0252080066 186.668297489 0 0 0
-394.462202938 66.3292578977 189.001073867 0 0 0
-395.532747595 59.614139095 191.11538605 0 0 0
-396.488986041 52.8817922209 193.008790129 0 0 0
-397.330641929 46.134162877 194.679097539 0 0 0
-398.057472027 39.3732010811 196.124377592 0 0 0
-398.669266286 32.6008607041 197.342959703 0 0 0
-399.165847902 25.8190989053 198.333435329 0 0 0
-399.547073367 19.0298755666 199.09465959 0 0 0
-399.812832508 12.2351527263 199.625752594 0 0 0
-399.963048523 5.43689401201 199.926100459 0 0 0
-399.997678 -1.36293592679 199.995356014 0 0 0
-399.916710933 -8.1623719866 199.833439209 0 0 0
-399.72017072 -14.9594491777 199.440537201 0 0 0
-399.408114159 -21.7522031921 198.817104141 0 0 0
-398.980631434 -28.5386709712 197.963860648 0 0 0
-398.437846082 -35.316891273 196.881792977 0 0 0
-397.779914967 -42.0849052391 195.572151878 0 0 0
-397.007028224 -48.8407569604 194.036451149 0 0 0
-396.119409214 -55.5824940429 192.27646589 0 0 0
-395.117314451 -62.3081681715 190.294230448 0 0 0
-394.001033535 -69.0158356732 188.092036066 0 0 0
-392.770889062 -75.7035580787 185.672428236 0 0 0
-391.427236535 -82.3694026828 183.038203754 0 0 0
-389.970464262 -89.0114431028 180.192407492 0 0 0
-388.400993239 -95.6277598353 177.138328872 0 0 0
-386.719277032 -102.216440811 173.87949807 0 0 0
-384.925801645 -108.775581946 170.419681931 0 0 0
-383.021085381 -115.303287696 166.762879616 0 0 0
-381.005678689 -121.797671597 162.913317984 0 0 0
-378.880164008 -128.25685682 158.875446697 0 0 0
-376.645155596 -134.678976703 154.653933085 0 0 0
-374.301299356 -141.0621753 150.253656749 0 0 0
-371.849272646 -147.404607909 145.679703918 0 0 0
-369.289784083 -153.704441613 140.937361571 0 0 0
-366.623573344 -159.959855803 136.032111328 0 0 0
-363.851410943 -166.169042708 130.969623113 0 0 0
-360.974098017 -172.330207917 125.755748598 0 0 0
-357.992466089 -178.441570894 120.396514442 0 0 0
-354.90737683 -184.5013655 114.898115322 0 0 0
-351.71972181 -190.507840495 109.266906775 0 0 0
-348.430422237 -196.45926005 103.509397851 0 0 0
-345.040428698 -202.353904246 97.6322435905 0 0 0
-341.550720877 -208.190069573 91.6422373281 0 0 0
-337.962307274 -213.966069418 85.5463028444 0 0 0
-334.276224916 -219.680234559 79.3514863608 0 0 0
-330.493539057 -225.33091364 73.0649483952 0 0 0
-326.615342864 -230.916473656 66.6939554857 0 0 0
-322.642757111 -236.435300418 60.2458717904 0 0 0
-318.576929847 -241.885799024 53.7281505761 0 0 0
-314.419036067 -247.266394318 47.1483256028 0 0 0
-310.170277374 -252.575531344 40.5140024154 0 0 0
-305.83188163 -257.8116758 33.8328495527 0 0 0
-301.4051026 -262.973314476 27.1125896835 0 0 0
-296.891219594 -268.058955695 20.3609906797 0 0 0
-292.291537091 -273.067129741 13.5858566381 0 0 0
-287.607384369 -277.996389287 6.79501885905 0 0 0
-282.840115114 -282.845309811 -0.00367320509698 0 0 0
-277.991107035 -287.612490009 -6.80236102343 0 0 0
-273.061761461 -292.2965522 -13.5931860699 0 0 0
-268.053502938 -296.896142721 -20.368298907 0 0 0
-262.967778818 -301.409932324 -27.1198682587 0 0 0
-257.806058841 -305.836616554 -33.8400900627 0 0 0
-252.569834706 -310.17491613 -40.5211964909 0 0 0
-247.260619648 -314.423577315 -47.1554649283 0 0 0
-241.879947991 -318.581372274 -53.7352268993 0 0 0
-236.429374713 -322.647099433 -60.2528769318 0 0 0
-230.910474991 -326.619583827 -66.7008813482 0 0 0
-225.324843749 -330.497677434 -73.0717869733 0 0 0
-219.674095196 -334.280259513 -79.3582297498 0 0 0
-213.959862358 -337.966236923 -85.5529432497 0 0 0
-208.183796608 -341.554544443 -91.6487670742 0 0 0
-202.347567191 -345.044145077 -97.6386551297 0 0 0
-196.452860735 -348.434030354 -103.515683773 0 0 0
-190.50138077 -351.723220622 -109.273059812 0 0 0
-184.494847231 -354.910765327 -114.904128363 0 0 0
-178.434995966 -357.995743291 -120.402380537 0 0 0
-172.323578228 -360.977262977 -125.761460967 0 0 0
-166.162360176 -363.854462747 -130.975175152 0 0 0
-159.953122359 -366.626511109 -136.037496619 0 0 0
-153.697659202 -369.292606961 -140.94257389 0 0 0
-147.397778491 -371.85197982 -145.68473724 0 0 0
-141.055300849 -374.303890045 -150.258505256 0 0 0
-134.672059206 -376.64762905 -154.658591173 0 0 0
-128.249898275 -378.882519513 -158.879908981 0 0 0
-121.790674017 -381.007915564 -162.917579306 0 0 0
-115.296253101 -383.02320298 -166.766935052 0 0 0
-108.768512371 -384.927799355 -170.423526792 0 0 0
-102.209338297 -386.721154276 -173.883127912 0 0 0
-95.6206264366 -388.402749475 -177.1417395 0 0 0
-89.0042808803 -389.972098983 -180.195594962 0 0 0
-82.3622137063 -391.428749268 -183.041164384 0 0 0
-75.6963444257 -392.772279369 -185.675158601 0 0 0
-69.0085994285 -394.002301015 -188.094533012 0 0 0
-62.3009114263 -395.118458738 -190.296491089 0 0 0
-55.5752188944 -396.120429977 -192.278487612 0 0 0
-48.833465511 -397.007925168 -194.038231615 0 0 0
-42.0775995959 -397.780687832 -195.573689031 0 0 0
-35.3095735474 -398.438494646 -196.88308504 0 0 0
-28.531343278 -398.981155508 -197.964906127 0 0 0
-21.7448676489 -399.408513593 -198.817901827 0 0 0
-14.9521079043 -399.720445398 -199.441086173 0 0 0
-8.15502710471 -399.916860776 -199.833738832 0 0 0
-1.35558955901 -399.997702965 -199.995405942 0 0 0
5.44423974265 -399.962948601 -199.925900634 0 0 0
12.2424956969 -399.812607729 -199.625303248 0 0 0
19.0372136551 -399.546723796 -199.093961241 0 0 0
25.8264299911 -399.165373641 -198.332488785 0 0 0
32.6081826685 -398.668667471 -197.341766058 0 0 0
39.3805118081 -398.056748831 -196.122938224 0 0 0
46.1414602539 -397.329794561 -194.677414114 0 0 0
52.8890741388 -396.488014745 -193.006864592 0 0 0
59.6214034494 -395.531652653 -191.113220627 0 0 0
66.3365025894 -394.460984667 -188.998671061 0 0 0
73.0324309418 -393.276320201 -186.665660077 0 0 0
79.70725343 -391.978001616 -184.116884377 0 0 0
86.3590410767 -390.566404116 -181.355290061 0 0 0
92.9858715616 -389.041935644 -178.384069225 0 0 0
99.5858297768 -387.405036761 -175.206656269 0 0 0
106.15700838 -385.656180518 -171.826723929 0 0 0
112.697508347 -383.795872323 -168.248179031 0 0 0
119.205439519 -381.824649792 -164.475157973 0 0 0
125.678921148 -379.743082595 -160.512021948 0 0 0
132.116082443 -377.551772291 -156.3633519 0 0 0
138.515063111 -375.251352151 -152.033943229 0 0 0
144.874013889 -372.842486983 -147.528800249 0 0 0
151.191097085 -370.325872931 -142.853130405 0 0 0
157.464487107 -367.702237279 -138.01233825 0 0 0
163.692370988 -364.97233824 -133.012019201 0 0 0
169.872948913 -362.136964735 -127.857953069 0 0 0
176.004434738 -359.196936168 -122.556097382 0 0 0
182.085056506 -356.153102187 -117.112580493 0 0 0
188.11305696 -353.006342437 -111.533694503 0 0 0
194.08669405 -349.757566312 -105.825887981 0 0 0
200.004241437 -346.407712684 -99.9957585181 0 0 0
205.86398899 -342.957749639 -94.0500450932 0 0 0
211.664243282 -339.40867419 -87.9956202893 0 0 0
217.403328082 -335.761511998 -81.8394823474 0 0 0
223.079584833 -332.017317065 -75.5887470772 0 0 0
228.691373136 -328.177171438 -69.2506396327 0 0 0
234.237071225 -324.242184893 -62.8324861604 0 0 0
239.71507643 -320.213494613 -56.3417053309 0 0 0
245.123805646 -316.092264862 -49.785799764 0 0 0
250.461695789 -311.879686646 -43.1723473567 0 0 0
255.727204244 -307.576977372 -36.5089925233 0 0 0
260.918809318 -303.185380492 -29.8034373602 0 0 0
266.035010672 -298.706165147 -23.0634327422 0 0 0
271.074329759 -294.1406258 -16.2967693643 0 0 0
276.035310252 -289.490081858 -9.51126873581 0 0 0
280.916518461 -284.755877298 -2.71477413976 0 0 0
285.716543751 -279.939380272 4.08485843288 0 0 0
290.433998949 -275.041982712 10.879769364 0 0 0
295.067520743 -270.065099935 17.6621044934 0 0 0
299.615770077 -265.010170222 24.4240241967 0 0 0
304.077432538 -259.878654416 31.1577124478 0 0 0
308.451218738 -254.672035486 37.855385853 0 0 0
312.735864683 -249.391818111 44.5093026476 0 0 0
316.930132139 -244.039528237 51.1117716448 0 0 0
321.032808993 -238.616712637 57.6551611256 0 0 0
325.0427096 -233.124938468 64.1319076605 0 0 0
328.958675126 -227.565792815 70.5345248516 0 0 0
332.779573884 -221.940882231 76.8556119865 0 0 0
336.504301662 -216.251832277 83.0878625924 0 0 0
340.131782038 -210.500287048 89.2240728815 0 0 0
343.660966697 -204.687908702 95.2571500782 0 0 0
347.090835729 -198.816376975 101.180120617 0 0 0
350.420397924 -192.887388698 106.986138203 0 0 0
353.648691064 -186.902657309 112.668491727 0 0 0
356.774782193 -180.863912352 118.220613022 0 0 0
359.797767893 -174.772898984 123.636084452 0 0 0
362.716774543 -168.631377464 128.908646336 0 0 0
365.530958569 -162.44112265 134.032204181 0 0 0
368.239506692 -156.203923482 139.000835722 0 0 0
370.841636161 -149.921582467 143.808797776 0 0 0
373.336594978 -143.595915159 148.450532874 0 0 0
375.723662117 -137.22874963 152.920675687 0 0 0
378.002147734 -130.821925948 157.214059228 0 0 0
380.17139336 -124.37729564 161.325720823 0 0 0
382.2307721 -117.896721159 165.25090785 0 0 0
384.179688807 -111.382075346 168.985083229 0 0 0
386.017580258 -104.835240888 172.52393067 0 0 0
387.743915314 -98.2581097761 175.863359658 0 0 0
389.358195078 -91.6525827538 178.999510186 0 0 0
390.859953034 -85.0205687731 181.928757214 0 0 0
392.248755183 -78.3639844398 184.647714857 0 0 0
393.524200172 -71.6847534603 187.153240303 0 0 0
394.685919407 -64.9848060861 189.442437445 0 0 0
395.733577157 -58.2660785551 191.512660225 0 0 0
396.666870659 -51.530512533 193.361515695 0 0 0
397.485530195 -44.7800545515 194.986866786 0 0 0
398.18931918 -38.0166554458 196.386834772 0 0 0
398.778034222 -31.2422697913 197.559801446 0 0 0
399.251505189 -24.4588553383 198.504410989 0 0 0
399.609595249 -17.6683724463 199.219571538 0 0 0
399.852200918 -10.8727835177 199.704456446 0 0 0
399.979252083 -4.07405243028 199.958505242 0 0 0
399.990712028 2.72585602992 199.981424272 0 0 0
399.886577442 9.5249767367 199.773187045 0 0 0
399.666878418 16.3213447915 199.33403426 0 0 0
399.331678447 23.1129960912 198.664473529 0 0 0
398.881074401 29.897967896 197.765278789 0 0 0
398.315196501 36.6742993961 196.63748941 0 0 0
397.634208281 43.4400322789 195.282408989 0 0 0
396.838306543 50.1932112948 193.70160385 0 0 0
395.927721296 56.9318848219 191.896901227 0 0 0
394.902715693 63.6541054306 189.870387155 0 0 0
393.763585954 70.3579304458 187.624404058 0 0 0
392.510661279 77.0414225088 185.161548045 0 0 0
391.144303755 83.702650137 182.4846659 0 0 0
389.66490825 90.3396882818 179.596851803 0 0 0
388.072902298 96.9506188854 176.501443744 0 0 0
386.368745978 103.533531435 173.202019671 0 0 0
384.55293178 110.086523515 169.702393351 0 0 0
382.625984461 116.607701355 166.006609962 0 0 0
380.588460896 123.095180382 162.118941417 0 0 0
378.440949914 129.547085758 158.043881429 0 0 0
376.184072132 135.961552927 153.786140314 0 0 0
373.818479771 142.336728155 149.350639545 0 0 0
371.344856471 148.670769058 144.742506069 0 0 0
368.763917093 154.961845145 139.967066374 0 0 0
366.076407508 161.208138336 135.029840336 0 0 0
363.28310439 167.407843497 129.936534839 0 0 0
360.384814984 173.559168957 124.693037177 0 0 0
357.382376874 179.660337025 119.30540825 0 0 0
354.276657744 185.709584506 113.779875556 0 0 0
351.068555127 191.70516321 108.122825997 0 0 0
347.75899614 197.645340455 102.340798491 0 0 0
344.348937224 203.528399573 96.4404764177 0 0 0
340.839363861 209.3526404 90.4286798934 0 0 0
337.231290295 215.116379771 84.312357885 0 0 0
333.525759233 220.817952006 78.0985801797 0 0 0
329.723841548 226.455709389 71.7945292125 0 0 0
325.826635967 232.028022649 65.4074917644 0 0 0
321.835268757 237.533281424 58.9448505393 0 0 0
317.750893394 242.969894735 52.414075631 0 0 0
313.574690234 248.336291437 45.8227158879 0 0 0
309.307866171 253.63092068 39.1783901879 0 0 0
304.951654287 258.852252351 32.4887786317 0 0 0
300.507313499 263.998777524 25.7616136652 0 0 0
295.976128187 269.069008887 19.0046711421 0 0 0
291.359407835 274.061481179 12.2257613354 0 0 0
286.658486642 278.97475161 5.43271991005 0 0 0
281.874723142 283.80740028 -1.36660113455 0 0 0
277.009499808 288.558030587 -8.16434254042 0 0 0
272.064222657 293.225269631 -14.9526468755 0 0 0
267.040320839 297.807768613 -21.7236676158 0 0 0
261.939246227 302.304203223 -28.4695782155 0 0 0
256.762472996 306.713274022 -35.182581153 0 0 0
251.511497197 311.033706819 -41.8549169446 0 0 0
246.187836326 315.264253041 -48.478873113 0 0 0
240.793028884 319.403690087 -55.0467931025 0 0 0
235.328633932 323.45082169 -61.5510851291 0 0 0
229.796230643 327.404478256 -67.9842309554 0 0 0
224.197417843 331.263517207 -74.3387945812 0 0 0
218.53381355 335.026823307 -80.6074308387 0 0 0
212.807054505 338.693308988 -86.7828938823 0 0 0
207.018795703 342.261914659 -92.8580455645 0 0 0
201.170709909 345.731609019 -98.8258636864 0 0 0
195.264487181 349.10138935 -104.679450115 0 0 0
189.301834375 352.370281809 -110.412038756 0 0 0
183.284474656 355.53734171 -116.017003375 0 0 0
177.214147 358.601653793 -121.487865258 0 0 0
171.092605689 361.562332494 -126.818300697 0 0 0
164.921619805 364.418522198 -132.002148302 0 0 0
158.702972722 367.169397485 -137.033416123 0 0 0
152.438461583 369.814163371 -141.906288575 0 0 0
146.12989679 372.352055539 -146.61513316 0 0 0
139.779101475 374.782340554 -151.154506977 0 0 0
133.387910971 377.104316081 -155.519163017 0 0 0
126.95817229 379.317311085 -159.704056222 0 0 0
120.491743581 381.420686026 -163.704349322 0 0 0
113.990493596 383.413833044 -167.515418424 0 0 0
107.456301152 385.296176133 -171.132858357 0 0 0
100.891054585 387.067171308 -174.552487762 0 0 0
94.2966512056 388.726306765 -177.770353929 0 0 0
87.6749967501 390.273103025 -180.782737362 0 0 0
81.0280048308 391.707113074 -183.586156083 0 0 0
74.357596382 393.027922494 -186.177369651 0 0 0
67.6656991054 394.23514958 -188.553382911 0 0 0
60.9542469127 395.328445452 -190.711449458 0 0 0
54.2251793669 396.307494154 -192.649074807 0 0 0
47.4804411216 397.172012749 -194.364019277 0 0 0
40.7219813594 397.921751396 -195.854300585 0 0 0
33.9517532279 398.556493427 -197.118196132 0 0 0
27.1717132761 399.076055405 -198.154244994 0 0 0
20.3838208883 399.480287181 -198.961249615 0 0 0
13.5900377181 399.769071934 -199.538277187 0 0 0
6.79232712155 399.942326208 -199.884660731 0 0 0
-0.00734641023161 399.999999933 -199.999999865 0 0 0
-6.80701781895 399.942076442 -199.884161271 0 0 0
-13.6047220469 399.768572474 -199.537278845 0 0 0
-20.3984946049 399.479538172 -198.959753545 0 0 0
-27.1863721399 399.075057063 -198.152252925 0 0 0
-33.9663930025 398.55524604 -197.115710366 0 0 0
-40.736597814 397.920255326 -195.851323996 0 0 0
-47.4950300323 397.170268427 -194.360555306 0 0 0
-54.2397365174 396.305502085 -192.645127456 0 0 0
-60.9687680962 395.326206211 -190.707023292 0 0 0
-67.6801801254 394.232663814 -188.548483045 0 0 0
-74.3720330536 393.025190922 -186.172001749 0 0 0
-81.0423929818 391.704136485 -183.580326349 0 0 0
-87.6893322225 390.269882279 -180.776452536 0 0 0
-94.3109298566 388.722842794 -177.763621274 0 0 0
-100.905272288 387.063465112 -174.545315061 0 0 0
-107.470453799 385.292228783 -171.125253901 0 0 0
-114.004577096 383.409645681 -167.507391003 0 0 0
-120.505753864 381.41625986 -163.695908214 0 0 0
-126.972105307 379.312647395 -159.695211185 0 0 0
-133.401762696 377.099416215 -155.509924274 0 0 0
-139.792867904 374.777205928 -151.144885208 0 0 0
-146.143573947 372.346687637 -146.605139485 0 0 0
-152.452045513 369.808563745 -141.895934547 0 0 0
-158.7164595 367.163567751 -137.02271371 0 0 0
-164.935005534 364.412464043 -131.991109874 0 0 0
-171.105886499 361.556047668 -126.806939013 0 0 0
-177.227319055 358.595144112 -121.476193452 0 0 0
-183.297534148 355.530609055 -116.005034938 0 0 0
-189.31477753 352.363328127 -110.399787521 0 0 0
-195.277310259 349.094216649 -104.666930245 0 0 0
-201.183409205 345.724219372 -98.8130896518 0 0 0
-207.031367545 342.254310203 -92.8450321309 0 0 0
-212.819495261 338.685491919 -86.7696560918 0 0 0
-218.546119625 335.018795886 -80.5939839926 0 0 0
-224.20958568 331.255281753 -74.3251542227 0 0 0
-229.808256726 327.396037148 -67.9704128511 0 0 0
-235.340514785 323.442177368 -61.5371052512 0 0 0
-240.804761074 319.394845049 -55.0326676103 0 0 0
-246.199416462 315.255209844 -48.4646183339 0 0 0
-251.522921933 311.024468076 -41.8405493555 0 0 0
-256.77373903 306.703842403 -35.1681173614 0 0 0
-261.950350303 302.294581453 -28.4550349398 0 0 0
-267.051259749 297.797959473 -21.7090616664 0 0 0
-272.074993239 293.215275956 -14.9379951353 0 0 0
-277.020098949 288.547855265 -8.14966194521 0 0 0
-281.885147779 283.797046252 -1.35190865344 0 0 0
-286.668733764 278.964221868 5.44740729419 0 0 0
-291.369474479 274.050778765 12.2404266456 0 0 0
-295.986011444 269.058136895 19.0192974269 0 0 0
-300.517010512 263.987739095 25.7761840182 0 0 0
-304.961162256 258.841050677 32.5032762112 0 0 0
-309.317182346 253.619558996 39.1927982364 0 0 0
-313.583811924 248.324773028 45.8370177512 0 0 0
-317.759817962 242.958222929 52.4282547778 0 0 0
-321.843993624 237.521459595 58.95889058 0 0 0
-325.835158613 232.016054212 65.4213764703 0 0 0
-329.732159508 226.443597804 71.8082425345 0 0 0
-333.533870104 220.805700772 78.1121062667 0 0 0
-337.239191733 215.103992429 84.3256811024 0 0 0
-340.847053583 209.34012053 90.4417848409 0 0 0
-344.356413007 203.515750793 96.4533479476 0 0 0
-347.766255824 197.632566421 102.353421725 0 0 0
-351.075596614 191.692267612 108.135186344 0 0 0
-354.283478999 185.696571073 113.79195873 0 0 0
-357.388975925 179.647209516 119.317200283 0 0 0
-360.391189925 173.545931167 124.704524439 0 0 0
-363.289253379 167.394499251 129.947704051 0 0 0
-366.082328767 161.19469149 135.040678589 0 0 0
-368.76960891 154.948299585 139.977561139 0 0 0
-371.350317203 148.6571287 144.752645217 0 0 0
-373.823707839 142.322996939 149.360411356 0 0 0
-376.189066025 135.947734823 153.795533491 0 0 0
-378.445708189 129.533184758 158.052885116 0 0 0
-380.592982177 123.081200504 162.127545206 0 0 0
-382.630267443 116.593646639 166.014803908 0 0 0
-384.556975224 110.072398022 169.710167984 0 0 0
-386.372548716 103.519339249 173.209366004 0 0 0
-388.076463231 96.9363641064 176.508353285 0 0 0
-389.668226349 90.3253750295 179.603316564 0 0 0
-391.147378061 83.6882825479 182.49067841 0 0 0
-392.513490904 77.0270047352 185.167101354 0 0 0
-393.766170079 70.3434666542 187.629491748 0 0 0
-394.905053573 63.6395998009 189.875003343 0 0 0
-395.929812254 56.9173415462 191.901040578 0 0 0
-396.840149975 50.178634576 193.70526158 0 0 0
-397.635803655 43.4254263296 195.28558087 0 0 0
-398.316543355 36.6596684372 196.640171775 0 0 0
-398.882172346 29.8833161558 197.767468539 0 0 0
-399.332527166 23.098327804 198.666168132 0 0 0
-399.667477665 16.3066641963 199.335231757 0 0 0
-399.886927044 9.51028807608 199.773886052 0 0 0
-399.990811885 2.71116354882 199.981623981 0 0 0
-399.979102165 -4.08874448584 199.958205421 0 0 0
-399.851801268 -10.8874709018 199.703657443 0 0 0
-399.608945984 -17.6830509145 199.218274276 0 0 0
-399.250606496 -24.4735206485 198.502616968 0 0 0
-398.776886361 -31.2569177053 197.557512739 0 0 0
-398.187922481 -38.0312817306 196.384054025 0 0 0
-397.483885064 -44.79465498 194.983597213 0 0 0
-396.66497757 -51.545082886 193.357761076 0 0 0
-395.731436658 -58.2806146218 191.508424898 0 0 0
-394.683532115 -64.9993036656 189.437726307 0 0 0
-393.521566779 -71.699208363 187.1480588 0 0 0
-392.245876449 -78.3783924882 184.642068977 0 0 0
-390.85682979 -85.0349258035 181.922653484 0 0 0
-389.354828228 -91.6668846171 178.992955661 0 0 0
-387.740305831 -98.2723523391 175.856361914 0 0 0
-386.013729184 -104.849420035 172.516497796 0 0 0
-384.175597256 -111.396186979 168.977223817 0 0 0
-382.226441254 -117.910761199 165.242630983 0 0 0
-380.16682447 -124.391260031 161.31703607 0 0 0
-377.997342121 -130.835810654 157.204976626 0 0 0
-375.718621171 -137.242550638 152.911205736 0 0 0
-373.331320154 -143.609628481 148.440686519 0 0 0
-370.836128984 -149.93520414 143.798586399 0 0 0
-368.233768753 -156.217449569 138.990271125 0 0 0
-365.524991527 -162.454549242 134.021298576 0 0 0
-362.710580122 -168.644700681 128.89741233 0 0 0
-359.791347883 -174.786114976 123.624535029 0 0 0
-356.76813845 -180.8770173 118.208761532 0 0 0
-353.641825507 -186.915647424 112.65635187 0 0 0
-350.413312538 -192.900260228 106.97372401 0 0 0
-347.083532561 -198.829126199 101.167446438 0 0 0
-343.653447859 -204.700531936 95.2442305629 0 0 0
-340.124049702 -210.512780644 89.2109229636 0 0 0
-336.496358062 -216.264192624 83.0744974717 0 0 0
-332.771421316 -221.953105757 76.8420471116 0 0 0
-328.950315946 -227.577875988 70.520775902 0 0 0
-325.034146224 -233.136877796 64.1179905284 0 0 0
-321.024043896 -238.62850467 57.6410918978 0 0 0
-316.921167853 -244.051169566 51.0975665836 0 0 0
-312.726703799 -249.403305373 44.4949781726 0 0 0
-308.441863904 -254.683365361 37.8409585216 0 0 0
-304.067886457 -259.889823628 31.1431989365 0 0 0
-299.606035508 -265.021175545 24.4094412813 0 0 0
-295.057600499 -270.075938188 17.6474690303 0 0 0
-290.423895897 -275.052650763 10.8650982701 0 0 0
-285.706260811 -279.949875037 4.07016866634 0 0 0
-280.906058604 -284.766195746 -2.7294655992 0 0 0
-276.024676501 -289.500221006 -9.52594490646 0 0 0
-271.063525188 -294.150582717 -16.3114132822 0 0 0
-266.024038402 -298.715936957 -23.0780274805 0 0 0
-260.907672521 -303.19496437 -29.817966049 0 0 0
-255.715906139 -307.586370549 -36.5234383692 0 0 0
-250.450239639 -311.888886408 -43.1866936618 0 0 0
-245.112194763 -316.101268549 -49.8000299456 0 0 0
-239.703314169 -320.222299624 -56.3558029404 0 0 0
-234.225160986 -324.250788682 -62.8464349026 0 0 0
-228.679318361 -328.18557152 -69.2644233845 0 0 0
-223.067389005 -332.025511011 -75.602349906 0 0 0
-217.390994726 -335.769497441 -81.8528885299 0 0 0
-211.651775963 -339.416448823 -88.0088143295 0 0 0
-205.851391309 -342.965311214 -94.0630117402 0 0 0
-199.991517036 -346.415059017 -100.008482784 0 0 0
-194.073846607 -349.764695278 -105.838355158 0 0 0
-188.100090186 -353.013251978 -111.54589018 0 0 0
-182.071974149 -356.159790304 -117.124490574 0 0 0
-175.991240579 -359.20340093 -122.567708099 0 0 0
-169.859646765 -362.143204273 -127.869251003 0 0 0
-163.678964695 -364.97835075 -133.022991291 0 0 0
-157.450980543 -367.708021025 -138.022971815 0 0 0
-151.177494154 -370.33142624 -142.863413153 0 0 0
-144.860318522 -372.847808251 -147.538720294 0 0 0
-138.501279265 -375.256439841 -152.043489105 0 0 0
-132.102214103 -377.556624931 -156.372512573 0 0 0
-125.664972321 -379.747698784 -160.520786829 0 0 0
-119.191414236 -381.829028195 -164.483516931 0 0 0
-112.683410662 -383.800011675 -168.256122404 0 0 0
-106.142842366 -385.660079622 -171.834242536 0 0 0
-99.5715995281 -387.408694491 -175.213741419 0 0 0
-92.9715811907 -389.045350944 -178.390712727 0 0 0
-86.3446947134 -390.569575997 -181.361484237 0 0 0
-79.6928552203 -391.980929162 -184.122622067 0 0 0
-73.0179850467 -393.279002567 -186.670934649 0 0 0
-66.3220131837 -394.463421076 -189.003476418 0 0 0
-59.6068747204 -395.533842403 -191.117551215 0 0 0
-52.8745102852 -396.489957202 -193.010715405 0 0 0
-46.1268654845 -397.331489163 -194.680780701 0 0 0
-39.3658903408 -398.058195089 -196.125816694 0 0 0
-32.5935387287 -398.669864967 -197.344153083 0 0 0
-25.8117678108 -399.166322029 -198.334381606 0 0 0
-19.0225374716 -399.547422803 -199.09535767 0 0 0
-12.2278097515 -399.813057151 -199.626201672 0 0 0
-5.42954827955 -399.963148309 -199.926300014 0 0 0
1.37028229411 -399.997652901 -199.995305816 0 0 0
8.16971686573 -399.916560955 -199.833139316 0 0 0
14.966790446 -399.719895907 -199.439987959 0 0 0
21.7595387281 -399.40771459 -198.816306186 0 0 0
28.5459986549 -398.980107224 -197.962814902 0 0 0
35.3242089867 -398.437197384 -196.880500649 0 0 0
42.092210868 -397.779141967 -195.570614461 0 0 0
48.8480483934 -397.006131147 -194.03467042 0 0 0
55.5897691727 -396.118388318 -192.274443908 0 0 0
62.3154248957 -395.116170031 -190.29196955 0 0 0
69.0230718945 -393.999765922 -188.089538866 0 0 0
75.710771706 -392.769498622 -185.669697619 0 0 0
82.3765916315 -391.425723671 -183.035242878 0 0 0
89.0186052953 -389.96882941 -180.189219778 0 0 0
95.6348932017 -388.399236871 -177.134918006 0 0 0
102.22354329 -386.717399657 -173.875867993 0 0 0
108.782651485 -384.923803805 -170.41583684 0 0 0
115.310322251 -383.018967653 -166.758823956 0 0 0
121.804669137 -381.003441686 -162.909056441 0 0 0
128.263815321 -378.877808375 -158.870984198 0 0 0
134.685894155 -376.642682015 -154.649274789 0 0 0
141.069049703 -374.298708542 -150.24880804 0 0 0
147.411437278 -371.846565346 -145.674670399 0 0 0
153.711223973 -369.286961081 -140.932149062 0 0 0
159.966589194 -366.620635455 -136.026725854 0 0 0
166.175725185 -363.848359017 -130.964070898 0 0 0
172.336837547 -360.970932935 -125.750036061 0 0 0
178.448145763 -357.989188767 -120.390648184 0 0 0
184.507883707 -354.903988214 -114.892102125 0 0 0
190.514300156 -351.716222879 -109.26075359 0 0 0
196.465659299 -348.426814003 -103.503111791 0 0 0
202.360241234 -345.036712203 -97.6258319197 0 0 0
208.196342467 -341.546897195 -91.6357074584 0 0 0
213.972276406 -337.95837751 -85.5396623237 0 0 0
219.686373847 -334.272190207 -79.3447428647 0 0 0
225.336983455 -330.489400567 -73.0581097186 0 0 0
230.922472243 -326.611101791 -66.6870295332 0 0 0
236.441226043 -322.63841468 -60.2388665677 0 0 0
241.891649975 -318.572487312 -53.7210741805 0 0 0
247.272168904 -314.414494713 -47.1411862138 0 0 0
252.581227897 -310.165638513 -40.5068082852 0 0 0
257.817292673 -305.827146602 -33.8256089971 0 0 0
262.978850046 -301.400272775 -27.1053110716 0 0 0
268.064408361 -296.886296366 -20.353682425 0 0 0
273.072497928 -292.286521884 -13.5785271879 0 0 0
278.001671444 -287.602278632 -6.78767668551 0 0 0
282.850504412 -282.834920323 0.0110196152828 0 0 0
287.617595553 -277.98582469 6.80970317863 0 0 0
292.30156721 -273.056393089 13.6005154834 0 0 0
296.901065749 -268.04805009 20.3756071068 0 0 0
301.414761946 -262.962243071 27.1271467974 0 0 0
305.841351375 -257.800441794 33.847330527 0 0 0
310.179554782 -252.564137983 40.5283905117 0 0 0
314.428118456 -247.254844895 47.1626041901 0 0 0
318.585814593 -241.874096877 53.7423031499 0 0 0
322.651441647 -236.423448928 60.2598819919 0 0 0
326.623824679 -230.904476249 66.7078071206 0 0 0
330.5018157 -225.318773783 73.0786254527 0 0 0
334.284293996 -219.667955759 79.3649730317 0 0 0
337.970166458 -213.953655225 85.5595835396 0 0 0
341.558367894 -208.177523574 91.6552966966 0 0 0
345.047861339 -202.341230067 97.6450665371 0 0 0
348.437638354 -196.446461354 103.521969554 0 0 0
351.726719316 -190.49492098 109.279212702 0 0 0
354.914153705 -184.4883289 114.91014125 0 0 0
357.999020373 -178.428420976 120.40824647 0 0 0
360.980427816 -172.316948482 125.767173165 0 0 0
363.857514427 -166.155677588 130.980727013 0 0 0
366.62944875 -159.94638886 136.042881727 0 0 0
369.295429714 -153.690876738 140.947786018 0 0 0
371.854686868 -147.390949024 145.689770365 0 0 0
374.306480607 -141.04842635 150.26335356 0 0 0
376.650102377 -134.665141663 154.663249052 0 0 0
378.88487489 -128.242939688 158.884371051 0 0 0
381.01015231 -121.783676395 162.921840409 0 0 0
383.025320449 -115.289218468 166.770990263 0 0 0
384.929796936 -108.761442759 170.427371423 0 0 0
386.72303139 -102.20223575 173.886757519 0 0 0
388.404505581 -95.6134930057 177.145149888 0 0 0
389.973733572 -88.9971186278 180.19878219 0 0 0
391.430261868 -82.355024702 183.044124766 0 0 0
392.773669544 -75.6891307473 185.677888717 0 0 0
394.003568362 -69.0013631606 188.097029705 0 0 0
395.119602891 -62.2936546602 190.298751473 0 0 0
396.121450606 -55.5679437271 192.280509075 0 0 0
397.008821978 -48.8261740451 194.04001182 0 0 0
397.781460563 -42.0702939386 195.57522592 0 0 0
398.439143075 -35.30225581 196.884376837 0 0 0
398.981679448 -28.5240155751 197.965951339 0 0 0
399.408912893 -21.7375320983 198.818699246 0 0 0
399.720719941 -14.944766626 199.441634876 0 0 0
399.917010484 -8.1476822201 199.834038186 0 0 0
399.997727794 -1.34824319079 199.995455601 0 0 0
399.962848545 5.45158547142 199.92570054 0 0 0
399.812382816 12.2498386634 199.624853632 0 0 0
399.546374091 19.0445517372 199.093262623 0 0 0
399.164899245 25.8337610681 198.331541973 0 0 0
398.668068521 32.6155046219 197.340572146 0 0 0
398.0560255 39.3878225219 196.121498592 0 0 0
397.328947058 46.1487576153 194.675730426 0 0 0
396.487043316 52.8963560389 193.004938795 0 0 0
395.530557578 59.6286677838 191.111054946 0 0 0
394.459766262 66.3437472587 188.996267999 0 0 0
393.274978819 73.0396538524 186.663022413 0 0 0
391.976537644 79.7144524945 184.114015159 0 0 0
390.564817978 86.3662142147 181.352192606 0 0 0
389.040227798 92.9930167 178.380747113 0 0 0
387.4032077 99.5929448508 175.20311334 0 0 0
385.654230771 106.164091334 171.822964278 0 0 0
383.793802453 112.704557133 168.244207004 0 0 0
381.822460398 119.2124521 164.470978161 0 0 0
379.740774309 125.685895498 160.507639182 0 0 0
377.54934578 132.123016547 156.358771247 0 0 0
375.248808117 138.521954963 152.029169983 0 0 0
372.83982616 144.880861499 147.523839928 0 0 0
370.323096089 151.197898474 142.847988743 0 0 0
367.69934522 157.471240309 138.007021189 0 0 0
364.9693318 163.699074051 133.006532887 0 0 0
362.133844783 169.879599901 127.852303844 0 0 0
359.193703606 176.011031728 122.550291775 0 0 0
356.149757948 182.091597592 117.106625216 0 0 0
353.002887489 188.119540252 111.527596438 0 0 0
349.754001652 194.093117674 105.819654179 0 0 0
346.404039343 200.010603536 99.9893961829 0 0 0
342.953968678 205.870287726 94.0435615794 0 0 0
339.404786702 211.670476835 87.9890230912 0 0 0
335.757519106 217.40949465 81.8327790905 0 0 0
332.013219923 223.085682634 75.5819455098 0 0 0
328.172971231 228.697400408 69.2437476167 0 0 0
324.237882834 234.243026225 62.8255116621 0 0 0
320.209091946 239.720957438 56.3346564121 0 0 0
316.087762859 245.129610963 49.7786845725 0 0 0
311.875086608 250.467423737 43.1651741168 0 0 0
307.572280628 255.732853168 36.5017695266 0 0 0
303.180588399 260.924377584 29.7961729555 0 0 0
298.701279091 266.040496672 23.0561353265 0 0 0
294.135647192 271.079731907 16.2894473725 0 0 0
289.485012138 276.040626987 9.50393063128 0 0 0
284.75071793 280.921748247 2.70742840459 0 0 0
279.934132747 285.721685077 -4.09220330784 0 0 0
275.036648548 290.439050328 -10.8871048889 0 0 0
270.059680671 295.072480716 -17.6694221891 0 0 0
265.004667427 299.62063721 -24.4313156049 0 0 0
259.873069678 304.082205425 -31.1649691404 0 0 0
254.666370421 308.455895999 -37.8625994421 0 0 0
249.386074355 312.740444967 -44.516464795 0 0 0
244.033707449 316.934614122 -51.1188740719 0 0 0
238.6108165 321.03719138 -57.6621956228 0 0 0
233.118968686 325.046991124 -64.1388660966 0 0 0
227.559751113 328.96285455 -70.5413991836 0 0 0
221.934770355 332.78365 -76.8623942684 0 0 0
216.245651994 336.508273292 -83.0945449845 0 0 0
210.494040144 340.135648035 -89.2306476599 0 0 0
204.681596981 343.664725943 -95.263609643 0 0 0
198.810002262 347.094487137 -101.186457502 0 0 0
192.880952836 350.42394044 -106.992345083 0 0 0
186.896162156 353.652123663 -112.674561428 0 0 0
180.857359787 356.778103884 -118.226538527 0 0 0
174.766290899 359.800977716 -123.641858913 0 0 0
168.62471577 362.71987157 -128.914263079 0 0 0
162.434409272 365.533941905 -134.037656711 0 0 0
156.197160359 368.242375475 -139.006117739 0 0 0
149.914771555 370.844389562 -143.813903174 0 0 0
143.589058425 373.339232201 -148.455455752 0 0 0
137.221849057 375.726182401 -152.925410354 0 0 0
130.814983529 378.004550349 -157.218600211 0 0 0
124.370313381 380.173677613 -161.330062874 0 0 0
117.889701079 382.23293733 -165.255045949 0 0 0
111.375019473 384.181734388 -168.989012593 0 0 0
104.828151262 386.019505599 -172.527646757 0 0 0
98.2509884449 387.74571986 -175.866858174 0 0 0
91.6454317759 389.359878306 -179.002787087 0 0 0
85.013390215 390.861514458 -181.93180871 0 0 0
78.356780376 392.250194352 -184.650537423 0 0 0
71.6775259728 393.52551667 -187.155830676 0 0 0
64.9775572635 394.687112853 -189.44479263 0 0 0
58.2588104924 395.734647207 -191.5147775 0 0 0
51.5232273305 396.667817002 -193.363392614 0 0 0
44.7727543146 397.48635256 -194.988501178 0 0 0
38.0093422842 398.190017327 -196.388224748 0 0 0
31.2349458185 398.778607951 -197.560945399 0 0 0
24.4515226709 399.251954333 -198.505307598 0 0 0
17.6610332034 399.609919679 -199.220219765 0 0 0
10.8654398202 399.85240054 -199.704855544 0 0 0
4.0667064005 399.97932684 -199.958654748 0 0 0
-2.73320226902 399.990661898 -199.981324013 0 0 0
-9.53232106211 399.886402438 -199.772837138 0 0 0
-16.3286850808 399.666578592 -199.333435109 0 0 0
-23.1203302231 399.331253886 -198.663625826 0 0 0
-29.9052937509 398.880525227 -197.764183514 0 0 0
-36.6816148569 398.314522873 -196.636147829 0 0 0
-43.4473352315 397.633410394 -195.280822653 0 0 0
-50.2004996287 396.837384626 -193.699774593 0 0 0
-56.9391564309 395.926675617 -191.894831162 0 0 0
-63.6613582131 394.901546554 -189.868078676 0 0 0
-70.3651623059 393.762293692 -187.621859834 0 0 0
-77.0486313566 392.509246268 -185.158771015 0 0 0
-83.709833889 391.142766404 -182.481659276 0 0 0
-90.3468448621 389.663249003 -179.593619059 0 0 0
-96.9577462258 388.071121635 -176.497988617 0 0 0
-103.540627476 386.366844413 -173.198346155 0 0 0
-110.093586205 384.550909863 -169.698505691 0 0 0
-116.614728654 382.623842776 -166.002512652 0 0 0
-123.102170258 380.586200062 -162.114639194 0 0 0
-129.554036192 378.438570585 -158.039379266 0 0 0
-135.968461911 376.181574995 -153.781443414 0 0 0
-142.34359369 373.815865548 -149.345753338 0 0 0
-148.677589162 371.342125917 -144.737436202 0 0 0
-154.968617846 368.761070997 -139.961818707 0 0 0
-161.214861677 366.073446694 -135.024420936 0 0 0
-167.414515536 363.280029712 -129.93094997 0 0 0
-173.565787765 360.381627331 -124.687293294 0 0 0
-179.666900689 357.379077167 -119.299511992 0 0 0
-185.716091129 354.273246938 -113.77383374 0 0 0
-191.711610911 351.065034206 -108.116645604 0 0 0
-197.651727373 347.755366122 -102.334486667 0 0 0
-203.53472386 344.345199158 -96.4340404577 0 0 0
-209.35890023 340.835518828 -90.4221272367 0 0 0
-215.122573334 337.227339405 -84.3056961058 0 0 0
-220.824077511 333.521703629 -78.0918169782 0 0 0
-226.461765068 329.719682401 -71.7876724063 0 0 0
-232.03400675 325.82237448 -65.4005492791 0 0 0
-237.539192219 321.83090616 -58.9378303998 0 0 0
-242.975730515 317.746430949 -52.4069859516 0 0 0
-248.342050516 313.57012923 -45.8155648636 0 0 0
-253.636601393 309.303207927 -39.1711860845 0 0 0
-258.857853057 304.946900149 -32.4815297763 0 0 0
-264.004296604 300.50246484 -25.7543284367 0 0 0
-269.074444746 295.971186409 -18.9973579613 0 0 0
-274.066832247 291.354374366 -12.2184286557 0 0 0
-278.98001634 286.653362937 -5.42537620707 0 0 0
-283.812577151 281.86951068 1.37394737225 0 0 0
-288.563118102 277.004200097 8.17168282141 0 0 0
-293.23026632 272.058837228 14.9599727152 0 0 0
-297.812673032 267.034851249 21.7309705464 0 0 0
-302.309013955 261.933694056 28.4768497956 0 0 0
-306.717989676 256.756839848 35.1898129775 0 0 0
-311.038326033 251.505784701 41.8621006543 0 0 0
-315.268774479 246.182046133 48.4860004043 0 0 0
-319.408112444 240.787162667 55.0538557371 0 0 0
-323.455143687 235.322693386 61.5580749433 0 0 0
-327.408698644 229.790217486 67.9911398699 0 0 0
-331.267634767 224.191333811 74.34561461 0 0 0
-335.030836848 218.527660402 80.6141540985 0 0 0
-338.69721735 212.800834019 86.7895126018 0 0 0
-342.265716713 207.012509677 92.8645520932 0 0 0
-345.735303667 201.16436016 98.8322505036 0 0 0
-349.104975523 195.258075543 104.685709838 0 0 0
-352.373758472 189.295362702 110.418164149 0 0 0
-355.540707857 183.277944818 116.022987359 0 0 0
-358.604908452 177.207560883 121.493700915 0 0 0
-361.565474724 171.085965197 126.823981282 0 0 0
-364.421551091 164.914926858 132.007667249 0 0 0
-367.172312166 158.696229252 137.038767053 0 0 0
-369.816962998 152.431669541 141.911465302 0 0 0
-372.354739301 146.123058139 146.620129701 0 0 0
-374.784907677 139.772218189 151.159317556 0 0 0
-377.106765823 133.380985041 155.523782073 0 0 0
-379.319642738 126.951205717 159.708478417 0 0 0
-381.422898917 120.484738378 163.708569545 0 0 0
-383.415926532 113.983451789 167.519431796 0 0 0
-385.298149613 107.449224775 171.136660238 0 0 0
-387.069024211 100.883945683 174.556073759 0 0 0
-388.728038554 94.2895118325 177.773719896 0 0 0
-390.274713201 87.6678289696 180.785879409 0 0 0
-391.708601171 81.0208107143 183.589070578 0 0 0
-393.029288082 74.3503780087 186.180053225 0 0 0
-394.236392264 67.6584585612 188.555832463 0 0 0
-395.329564872 60.9469862902 190.713662155 0 0 0
-396.308489988 54.2179007643 192.651048092 0 0 0
-397.172884709 47.4731466424 194.36575087 0 0 0
-397.92249923 40.7146731116 195.855788484 0 0 0
-398.557116918 33.9444333236 197.119438616 0 0 0
-399.076554374 27.1643838306 198.155240628 0 0 0
-399.480661483 20.3764840198 198.961997247 0 0 0
-399.769321461 13.5826955469 199.538775954 0 0 0
-399.942450888 6.78498176953 199.884910056 0 0 0
-399.99999973 -0.0146928203385 199.99999946 0 0 0
-399.941951356 -6.81436316409 199.883911137 0 0 0
-399.768322542 -13.6120642043 199.53677927 0 0 0
-399.479163465 -20.4058314527 198.959005107 0 0 0
-399.07455769 -27.1937015579 198.151256489 0 0 0
-398.554622146 -33.9737128725 197.114467084 0 0 0
-397.919507089 -40.7439060206 195.849835305 0 0 0
-397.169396065 -47.5023244635 194.358822926 0 0 0
-396.304505849 -54.2470150652 192.643153391 0 0 0
-395.32508639 -60.976028657 190.704809823 0 0 0
-394.231420732 -67.6874206011 188.546032731 0 0 0
-393.023824937 -74.3792513516 186.169317421 0 0 0
-391.702647993 -81.0495870162 183.577411111 0 0 0
-390.268271709 -87.6964999143 180.773309757 0 0 0
-388.721110611 -94.3180691342 177.760254587 0 0 0
-387.061611818 -100.912381089 174.541728358 0 0 0
-385.290254913 -107.477530067 171.121451327 0 0 0
-383.407551805 -114.011618788 167.503376953 0 0 0
-381.414046584 -120.512758944 163.691687329 0 0 0
-379.310315358 -126.979071752 159.690788343 0 0 0
-377.096966091 -133.408688491 155.505304588 0 0 0
-374.774638425 -139.799751048 151.140074017 0 0 0
-372.344003497 -146.150412451 146.600142351 0 0 0
-369.805763744 -152.458837401 141.890757246 0 0 0
-367.160652699 -158.723202808 137.017362226 0 0 0
-364.409434781 -164.941698315 131.985590393 0 0 0
-361.552905072 -171.112526818 126.801257915 0 0 0
-358.59188909 -177.233904992 121.470357303 0 0 0
-355.527242548 -183.304063802 115.999050484 0 0 0
-352.359851107 -189.321249012 110.393661681 0 0 0
-349.090630122 -195.2837217 104.660670098 0 0 0
-345.720524375 -201.189758751 98.8067024346 0 0 0
-342.250507802 -207.037653362 92.8385252263 0 0 0
-338.681583214 -212.825715532 86.763037021 0 0 0
-335.014782006 -218.552272551 80.5872604066 0 0 0
-331.251163858 -224.215669485 74.3183338931 0 0 0
-327.391816429 -229.814269651 67.9635036615 0 0 0
-323.437855044 -235.346455093 61.5301151879 0 0 0
-319.390422369 -240.810627047 55.0256047529 0 0 0
-315.250688086 -246.205206406 48.4574908464 0 0 0
-311.019848548 -251.528634174 41.8333654765 0 0 0
-306.699126438 -256.779371917 35.1608853945 0 0 0
-302.289770415 -261.955902209 28.4477632444 0 0 0
-297.793054753 -267.056729069 21.7017586479 0 0 0
-293.210278971 -272.080378392 14.9306692351 0 0 0
-288.542767458 -277.02539838 8.14232163122 0 0 0
-283.791869094 -281.890359956 1.34456241026 0 0 0
-278.958956856 -286.673857179 -5.45475097513 0 0 0
-274.04542742 -291.374507654 -12.2477592758 0 0 0
-269.052700763 -295.990952923 -19.0266105306 0 0 0
-263.982219748 -300.521858867 -25.7834691424 0 0 0
-258.835449709 -304.965916086 -32.5105249351 0 0 0
-253.613878026 -309.321840277 -39.2000021812 0 0 0
-248.319013698 -313.58837261 -45.84416859 0 0 0
-242.952386903 -317.764280085 -52.4353442449 0 0 0
-237.51554856 -321.848355895 -58.965910481 0 0 0
-232.010069876 -325.83941977 -65.4283186908 0 0 0
-226.437541896 -329.736318321 -71.8150990501 0 0 0
-220.799575043 -333.537925371 -78.118869152 0 0 0
-215.09779865 -337.243142282 -84.3323425403 0 0 0
-209.333860489 -340.850898272 -90.4483371315 0 0 0
-203.5094263 -344.360150724 -96.4597835172 0 0 0
-197.626179304 -347.76988549 -102.359733135 0 0 0
-191.685819717 -351.07911718 -108.141366299 0 0 0
-185.690064262 -354.286889448 -113.798000086 0 0 0
-179.640645671 -357.39227527 -119.323096057 0 0 0
-173.539312184 -360.394377213 -124.710267817 0 0 0
-167.387827043 -363.292327689 -129.953288395 0 0 0
-161.187967985 -366.085289211 -135.046097442 0 0 0
-154.941526727 -368.772454632 -139.982808239 0 0 0
-148.650308445 -371.353047381 -144.757714498 0 0 0
-142.31613126 -373.826321683 -149.365296958 0 0 0
-135.940825702 -376.191562781 -153.800229768 0 0 0
-129.526234193 -378.448087135 -158.05738664 0 0 0
-123.074210503 -380.595242625 -162.131846773 0 0 0
-116.586619222 -382.63240874 -166.018900546 0 0 0
-110.065335221 -384.558996752 -169.714054957 0 0 0
-103.512243103 -386.37444989 -173.213038819 0 0 0
-96.9292366679 -388.078243501 -176.511807697 0 0 0
-90.3182183578 -389.669885201 -179.606548582 0 0 0
-83.6810987112 -391.148915016 -182.493684296 0 0 0
-77.0197958095 -392.514905518 -185.169877634 0 0 0
-70.3362347229 -393.767461943 -187.632035213 0 0 0
-63.632346954 -394.906222312 -189.877311053 0 0 0
-56.9100698797 -395.930857532 -191.903109866 0 0 0
-50.1713461913 -396.84107149 -193.707090053 0 0 0
-43.418123333 -397.63660114 -195.287166416 0 0 0
-36.6523529393 -398.31721658 -196.64151256 0 0 0
-29.8759902707 -398.882721117 -197.768563013 0 0 0
-23.0909936489 -399.332951323 -198.667015031 0 0 0
-16.2993238905 -399.667777086 -199.335830102 0 0 0
-9.50294374107 -399.887101643 -199.774235151 0 0 0
-2.703817307 -399.990861611 -199.98172343 0 0 0
4.09609051145 -399.979027003 -199.958055106 0 0 0
10.8948145883 -399.851601241 -199.703257538 0 0 0
17.6903901395 -399.608621149 -199.217625242 0 0 0
24.4808532911 -399.250156947 -198.501719555 0 0 0
31.2642416464 -398.776312228 -197.556367986 0 0 0
38.0385948536 -398.187223931 -196.382663254 0 0 0
44.8019551716 -397.483062297 -194.981962032 0 0 0
51.5523680363 -396.664030824 -193.355883375 0 0 0
58.2878826255 -395.730366208 -191.506306848 0 0 0
65.0065524223 -394.68233827 -189.435370355 0 0 0
71.7064357779 -393.520249883 -187.14546767 0 0 0
78.3855964727 -392.244436883 -184.639245664 0 0 0
85.0421042756 -390.855267971 -181.919601251 0 0 0
91.6740355023 -389.353144606 -178.989678037 0 0 0
98.2794735707 -387.738500893 -175.852862687 0 0 0
104.856509555 -386.011803451 -172.51278101 0 0 0
111.403242739 -384.173551286 -168.973293768 0 0 0
117.91778116 -382.224275637 -165.238492216 0 0 0
124.398242163 -380.164539833 -161.312693367 0 0 0
130.84275294 -377.994939123 -157.200435007 0 0 0
137.249451073 -375.716100507 -152.906470451 0 0 0
143.616485069 -373.328682553 -148.435763041 0 0 0
149.9420149 -370.833375207 -143.793480419 0 0 0
156.224212533 -368.230899597 -138.984988546 0 0 0
162.461262456 -365.522007821 -134.015845503 0 0 0
168.651362205 -362.707482728 -128.891795066 0 0 0
174.792722883 -359.788137696 -123.618760068 0 0 0
180.883569682 -356.764816398 -118.202835548 0 0 0
186.922142387 -353.63839255 -112.650281713 0 0 0
192.906695895 -350.409769668 -106.967516697 0 0 0
198.83550071 -347.079880802 -101.161109143 0 0 0
204.706843449 -343.649688266 -95.2377706125 0 0 0
210.519027336 -340.120183361 -89.2043478242 0 0 0
216.270372688 -336.492386091 -83.0678147433 0 0 0
221.959217408 -332.767344863 -76.8352645188 0 0 0
227.583917459 -328.946136189 -70.5139012846 0 0 0
233.142847342 -325.029864371 -64.1110318327 0 0 0
238.634400565 -321.019661184 -57.6340571673 0 0 0
244.056990107 -316.91668555 -51.0904639497 0 0 0
249.409048877 -312.722123199 -44.4878158451 0 0 0
254.689030169 -308.437186331 -37.8337447794 0 0 0
259.895408103 -304.063113263 -31.1359421178 0 0 0
265.026678073 -299.601168071 -24.4021497743 0 0 0
270.081357177 -295.052640228 -17.6401512631 0 0 0
275.05798465 -290.418844224 -10.8577627013 0 0 0
279.955122279 -285.701119196 -4.06282377493 0 0 0
284.771354826 -280.900828533 2.7368113233 0 0 0
289.505290433 -276.019359486 9.53328297241 0 0 0
294.155561027 -271.058122765 16.318735208 0 0 0
298.720822711 -266.018552133 23.0853248029 0 0 0
303.199756156 -260.902103991 29.825230333 0 0 0
307.591066982 -255.710256956 36.5306612181 0 0 0
311.893486131 -250.444511438 43.1938667268 0 0 0
316.105770232 -245.106389198 49.8071449355 0 0 0
320.226701967 -239.697432918 56.3628516311 0 0 0
324.255090413 -234.219205748 62.8534091465 0 0 0
328.189771395 -228.673290858 69.2713151201 0 0 0
332.029607817 -223.061290979 75.6091511674 0 0 0
335.773489993 -217.384827938 81.8595914554 0 0 0
339.420335968 -211.645542196 88.0154111714 0 0 0
342.969091828 -205.845092365 94.0694948732 0 0 0
346.418732008 -199.985154735 100.014844714 0 0 0
349.768259585 -194.067422787 105.844588532 0 0 0
353.016706569 -188.093606704 111.551987792 0 0 0
356.163134182 -182.065432879 117.130445377 0 0 0
359.206633129 -175.98464341 122.573513209 0 0 0
362.146323858 -169.852995605 127.87489971 0 0 0
364.981356821 -163.672261465 133.028477067 0 0 0
367.710912711 -157.444227182 138.028288318 0 0 0
370.334202708 -151.170692613 142.868554238 0 0 0
372.850468697 -144.853470765 147.543680018 0 0 0
375.258983495 -138.494387273 152.048261735 0 0 0
377.55905106 -132.095279866 156.377092592 0 0 0
379.750006686 -125.657997844 160.525168945 0 0 0
381.831217203 -119.184401534 164.487696077 0 0 0
383.802081157 -112.676361762 168.26009375 0 0 0
385.66202898 -106.135759306 171.838001492 0 0 0
387.41052316 -99.5644843534 175.217283639 0 0 0
389.047058396 -92.9644359583 178.394034117 0 0 0
390.57116174 -86.3375214881 181.364580958 0 0 0
391.982392737 -79.6856560752 184.12549054 0 0 0
393.28034355 -73.0107620623 186.673571558 0 0 0
394.464639082 -66.3147684473 189.005878714 0 0 0
395.534937078 -59.5996103258 191.119716123 0 0 0
396.49092823 -52.8672283317 193.012640421 0 0 0
397.332336263 -46.1195680766 194.682463601 0 0 0
398.058918017 -39.3585795873 196.127255532 0 0 0
398.670463514 -32.5862167424 197.345346196 0 0 0
399.166796022 -25.8044367077 198.335327615 0 0 0
399.547772104 -19.0151993704 199.096055482 0 0 0
399.81328166 -12.2204667728 199.62665048 0 0 0
399.963247961 -5.42220254535 199.926499299 0 0 0
399.997627667 1.37762866088 199.995255348 0 0 0
399.916410843 8.17706174202 199.832839153 0 0 0
399.719620959 14.9741317092 199.439438449 0 0 0
399.407314887 21.7668742566 198.815507963 0 0 0
398.979582881 28.5533263288 197.961768889 0 0 0
398.436548552 35.3315266884 196.879208055 0 0 0
397.778368834 42.0995164827 195.56907678 0 0 0
397.005233935 48.8553398098 194.03288943 0 0 0
396.117367288 55.5970442837 192.272421667 0 0 0
395.115025478 62.3226815987 190.289708396 0 0 0
393.998498176 69.0303080926 188.087041412 0 0 0
392.76810805 75.7179853078 185.666966752 0 0 0
391.424210674 82.3837805523 183.032281755 0 0 0
389.967194426 89.0257674576 180.186031821 0 0 0
388.397480373 95.6420265357 177.1315069 0 0 0
386.715522151 102.230645734 173.872237682 0 0 0
384.921805835 108.789720987 170.411991519 0 0 0
383.016849797 115.317356768 166.75476807 0 0 0
381.001204554 121.811666635 162.904794679 0 0 0
378.875452615 128.270773779 158.866521486 0 0 0
376.640208307 134.692811561 154.644616284 0 0 0
374.296117601 141.075924059 150.243959127 0 0 0
371.843857921 147.418266596 145.669636684 0 0 0
369.284137955 153.718006281 140.926936363 0 0 0
366.617697443 159.973322531 136.021340196 0 0 0
363.845306968 166.182407605 130.958518507 0 0 0
360.967767732 172.343467119 125.744323353 0 0 0
357.985911323 178.454720571 120.384781764 0 0 0
354.900599477 184.514401851 114.886088774 0 0 0
351.712723829 190.520759753 109.254600258 0 0 0
348.423205651 196.472058482 103.49682559 0 0 0
345.032995592 202.366578152 97.6194201171 0 0 0
341.543073398 208.202615291 91.6291774652 0 0 0
337.954447633 213.978483322 85.5330216876 0 0 0
334.268155385 219.692513062 79.3379992617 0 0 0
330.485261967 225.343053194 73.0512709435 0 0 0
326.606860608 230.928470752 66.6801034908 0 0 0
322.63407214 236.447151589 60.2318612638 0 0 0
318.56804467 241.897500845 53.7139977125 0 0 0
314.409953253 247.277943407 47.1340467612 0 0 0
310.160999547 252.586924364 40.4996141005 0 0 0
305.822411472 257.822909458 33.8183683959 0 0 0
301.395442848 262.984385526 27.0980324233 0 0 0
296.881373038 268.069860937 20.3463741428 0 0 0
292.281506579 273.077866024 13.5711977195 0 0 0
287.597172798 278.006953508 6.78033450289 0 0 0
282.829725435 282.855698918 -0.0183660253695 0 0 0
277.980542251 287.622700999 -6.81704532455 0 0 0
273.051024625 292.306582121 -13.6078448785 0 0 0
268.042597153 296.905988676 -20.382915279 0 0 0
262.956707236 301.419591466 -27.1344252993 0 0 0
257.794824661 305.846086093 -33.8545709456 0 0 0
252.558441175 310.184193329 -40.5355844777 0 0 0
247.249070058 314.432659492 -47.1697433882 0 0 0
241.868245681 318.590256805 -53.749379328 0 0 0
236.417523064 322.655783751 -60.2668869706 0 0 0
230.898477428 326.628065422 -66.714732803 0 0 0
225.31270374 330.505953855 -73.0854638335 0 0 0
219.661816248 334.288328367 -79.3717162064 0 0 0
213.94744802 337.97409588 -85.5662237139 0 0 0
208.171250469 341.56219123 -91.6618261952 0 0 0
202.334892875 345.051577485 -97.6514778127 0 0 0
196.440061906 348.441246236 -103.528255196 0 0 0
190.488461126 351.730217891 -109.285365445 0 0 0
184.481810506 354.917541962 -114.916153981 0 0 0
178.421845927 358.002297333 -120.41411224 0 0 0
172.310318677 360.983592532 -125.772885194 0 0 0
166.148994944 363.860565985 -130.986278698 0 0 0
159.939655307 366.632386268 -136.048266651 0 0 0
153.684094223 369.298252342 -140.952997957 0 0 0
147.384119506 371.857393792 -145.694803294 0 0 0
141.041551804 374.309071042 -150.268201662 0 0 0
134.658224075 376.652575577 -154.667906722 0 0 0
128.235981057 378.887230139 -158.888832906 0 0 0
121.776678733 381.012388928 -162.926101292 0 0 0
115.282183796 383.027437789 -166.775045248 0 0 0
108.75437311 384.931794386 -170.431215824 0 0 0
102.195133167 386.724908374 -173.890386892 0 0 0
95.6063595426 388.406261555 -177.148560038 0 0 0
88.9899563453 389.975368029 -180.201969174 0 0 0
82.34783567 391.431774337 -183.047084901 0 0 0
75.6819170434 392.775059586 -185.680618582 0 0 0
68.9941268694 394.004835576 -188.099526144 0 0 0
62.286397873 395.120746912 -190.3010116 0 0 0
55.5606685412 396.122471101 -192.282530278 0 0 0
48.8188825628 397.009718653 -194.041791763 0 0 0
42.0629882671 397.78223316 -195.576762545 0 0 0
35.2949380606 398.43979137 -196.885668368 0 0 0
28.5166878627 398.982203254 -197.966996283 0 0 0
21.7301965404 399.409312058 -198.819496396 0 0 0
14.9374253426 399.72099435 -199.44218331 0 0 0
8.1403373328 399.917160057 -199.83433727 0 0 0
1.34089682219 399.997752488 -199.995504989 0 0 0
-5.45893119828 399.962748353 -199.925500175 0 0 0
-12.2571816256 399.812157767 -199.624403746 0 0 0
-19.0518898128 399.546024251 -199.092563736 0 0 0
-25.8410921364 399.164424714 -198.330594893 0 0 0
-32.6228265642 398.667469437 -197.339377967 0 0 0
-39.3951332222 398.055302035 -196.120058696 0 0 0
-46.156054961 397.328099422 -194.674046476 0 0 0
-52.903637921 396.486071754 -193.003012737 0 0 0
-59.6359320979 395.52946237 -191.108889007 0 0 0
-66.3509919055 394.458547725 -188.993864683 0 0 0
-73.0468767383 393.273637305 -186.660384497 0 0 0
-79.7216515321 391.97507354 -184.111145692 0 0 0
-86.3733873234 390.563231708 -181.349094906 0 0 0
-93.000161807 389.03851982 -178.37742476 0 0 0
-99.6000598911 387.401378508 -175.199570174 0 0 0
-106.171174251 385.652280893 -171.819204395 0 0 0
-112.711605881 383.791732454 -168.240234749 0 0 0
-119.219464641 381.820270875 -164.466798127 0 0 0
-125.692869805 379.738465895 -160.5032562 0 0 0
-132.129950605 377.546919141 -156.354190383 0 0 0
-138.528846769 375.246263956 -152.024396532 0 0 0
-144.88770906 372.837165212 -147.518879408 0 0 0
-151.204699812 370.320319122 -142.842846887 0 0 0
-157.477993458 367.696453038 -138.001703941 0 0 0
-163.70577706 364.966325237 -133.001046393 0 0 0
-169.886250831 362.130724709 -127.846654446 0 0 0
-176.017628659 359.190470922 -122.544486003 0 0 0
-182.098138617 356.146413589 -117.100669781 0 0 0
-188.12602348 352.999432421 -111.521498224 0 0 0
-194.099541232 349.750436874 -105.813420234 0 0 0
-200.016965568 346.400365885 -99.9830337128 0 0 0
-205.876586392 342.950187601 -94.0370779388 0 0 0
-211.676710316 339.4008991 -87.9824257744 0 0 0
-217.415661144 335.753526101 -81.8260757232 0 0 0
-223.091780359 332.00912267 -75.5751438405 0 0 0
-228.703427602 328.168770914 -69.2368555073 0 0 0
-234.248981147 324.233580666 -62.8185370791 0 0 0
-239.726838366 320.204689171 -56.3276074174 0 0 0
-245.135416198 316.083260749 -49.7715693139 0 0 0
-250.4731516 311.870486464 -43.1580008188 0 0 0
-255.738502005 307.56758378 -36.4945464806 0 0 0
-260.929945763 303.175796205 -29.7889085106 0 0 0
-266.045982582 298.696392934 -23.0488378796 0 0 0
-271.085133964 294.130668485 -16.2821253587 0 0 0
-276.04594363 289.47994232 -9.49659251398 0 0 0
-280.926977939 284.745558466 -2.70008266582 0 0 0
-285.726826306 279.928885128 4.09954817722 0 0 0
-290.444101609 275.031314291 10.8944403991 0 0 0
-295.077440589 270.054261317 17.676739861 0 0 0
-299.625504242 264.999164542 24.4386069801 0 0 0
-304.086978209 259.867484853 31.1722257909 0 0 0
-308.460573156 254.660705269 37.86981298 0 0 0
-312.745025145 249.380330514 44.5236268823 0 0 0
-316.939095998 244.027886579 51.12597643 0 0 0
-321.041573658 238.604920283 57.6692300421 0 0 0
-325.051272538 233.112998826 64.1458244462 0 0 0
-328.967033862 227.553709334 70.5482734204 0 0 0
-332.787726004 221.928658405 76.8691764465 0 0 0
-336.512244808 216.239471638 83.1012272645 0 0 0
-340.139513916 210.487793168 89.2372223178 0 0 0
-343.668485072 204.675285192 95.2700690792 0 0 0
-347.098138428 198.803627482 101.19279425 0 0 0
-350.427482837 192.874516908 106.998551819 0 0 0
-353.655556143 186.889666941 112.680630977 0 0 0
-356.781425454 180.850807161 118.232463873 0 0 0
-359.804187417 174.759682756 123.647633208 0 0 0
-362.722968474 168.618054019 128.919879647 0 0 0
-365.536925118 162.427695839 134.043109061 0 0 0
-368.245244134 156.190397184 139.011399569 0 0 0
-370.847142838 149.907960592 143.819008378 0 0 0
-373.341869299 143.582201643 148.460378428 0 0 0
-375.728702557 137.214948437 152.930144814 0 0 0
-378.006952836 130.808041066 157.223140981 0 0 0
-380.175961737 124.363331081 161.334404706 0 0 0
-382.23510243 117.882680959 165.259183825 0 0 0
-384.18377984 111.367963563 168.99294173 0 0 0
-386.02143081 104.8210616 172.531362612 0 0 0
-387.747524275 98.2438670806 175.870356453 0 0 0
-389.361561403 91.6382807671 179.006063745 0 0 0
-390.86307575 85.0062116282 181.934859962 0 0 0
-392.251633388 78.3495762858 184.65335974 0 0 0
-393.526833035 71.6702984611 187.158420796 0 0 0
-394.688306166 64.970308419 189.44714756 0 0 0
-395.735717123 58.25154241 191.516894517 0 0 0
-396.668763212 51.5159421107 193.365269271 0 0 0
-397.48717479 44.7654540626 194.990135306 0 0 0
-398.190715341 38.0020291099 196.389614459 0 0 0
-398.779181546 31.2276218353 197.562089086 0 0 0
-399.252403343 24.4441899953 198.506203939 0 0 0
-399.610243975 17.6536939545 199.220867724 0 0 0
-399.852600027 10.8580961191 199.705254372 0 0 0
-399.979401461 4.05936036939 199.958803983 0 0 0
-399.990611632 -2.74054850716 199.981223485 0 0 0
-399.8862273 -9.53966538427 199.772486961 0 0 0
-399.666278632 -16.3360253645 199.332835688 0 0 0
-399.33082919 -23.1276643471 198.662777855 0 0 0
-398.879975919 -29.9126195956 197.763087972 0 0 0
-398.31384911 -36.6889303053 196.634805983 0 0 0
-397.632612372 -43.4546381695 195.279236054 0 0 0
-396.836462576 -50.2077879457 193.697945074 0 0 0
-395.925629804 -56.9464280206 191.892760839 0 0 0
-394.900377281 -63.6686109742 189.865769942 0 0 0
-393.761001297 -70.3723941423 187.619315357 0 0 0
-392.507831125 -77.0558401783 185.155993736 0 0 0
-391.141228921 -83.7170176129 182.478652405 0 0 0
-389.661589625 -90.354001412 179.590386072 0 0 0
-388.069340841 -96.9648735335 176.494533252 0 0 0
-386.364942718 -103.547723482 173.194672404 0 0 0
-384.548887817 -110.100648858 169.694617803 0 0 0
-382.621700963 -116.621755913 165.998415119 0 0 0
-380.5839391 -123.109160093 162.110336753 0 0 0
-378.436191128 -129.560986582 158.03487689 0 0 0
-376.179077731 -135.975370848 153.776746307 0 0 0
-373.813251199 -142.350459178 149.340866929 0 0 0
-371.339395238 -148.684409216 144.73236614 0 0 0
-368.758224777 -154.975390495 139.956570852 0 0 0
-366.070485756 -161.221584964 135.019001354 0 0 0
-363.276954912 -167.421187518 129.925364925 0 0 0
-360.378439556 -173.572406513 124.681549243 0 0 0
-357.37577734 -179.673464291 119.293615574 0 0 0
-354.269836012 -185.722597689 113.767791769 0 0 0
-351.061513166 -191.718058548 108.110465066 0 0 0
-347.751735987 -197.658114223 102.328174704 0 0 0
-344.341460976 -203.541048079 96.4276043676 0 0 0
-340.83167368 -209.365159988 90.415574458 0 0 0
-337.223388402 -215.128766823 84.2990342128 0 0 0
-333.517647912 -220.830202942 78.0850536714 0 0 0
-329.715523143 -226.467820669 71.7808155032 0 0 0
-325.818112882 -232.039990773 65.3936067056 0 0 0
-321.826543455 -237.545102934 58.9308101807 0 0 0
-317.741968397 -242.981566213 52.3998962016 0 0 0
-313.565568121 -248.347809511 45.8084137775 0 0 0
-309.298549578 -253.642282021 39.1639819282 0 0 0
-304.942145908 -258.863453676 32.474280877 0 0 0
-300.497616079 -264.009815595 25.7470431734 0 0 0
-295.966244531 -269.079880515 18.9900447549 0 0 0
-291.349340799 -274.072183222 12.2110959594 0 0 0
-286.648239134 -278.985280976 5.4180324968 0 0 0
-281.864298124 -283.817753925 -1.38129360808 0 0 0
-276.998900293 -288.568205519 -8.17902309136 0 0 0
-272.053451708 -293.23526291 -14.9672985347 0 0 0
-267.029381569 -297.817577351 -21.7382734477 0 0 0
-261.928141797 -302.313824585 -28.4841213373 0 0 0
-256.751206615 -306.722705227 -35.1970447546 0 0 0
-251.500072121 -311.042945143 -41.8692843075 0 0 0
-246.176255857 -315.273295812 -48.4931276302 0 0 0
-240.781296369 -319.412534693 -55.0609182974 0 0 0
-235.316752761 -323.459465575 -61.5650646745 0 0 0
-229.78420425 -327.412918922 -67.9980486926 0 0 0
-224.185249704 -331.271752215 -74.3524345384 0 0 0
-218.52150718 -335.034850277 -80.6208772495 0 0 0
-212.794613462 -338.701125599 -86.7961312043 0 0 0
-207.006223581 -342.269518653 -92.8710584967 0 0 0
-201.158010343 -345.738998198 -98.8386371874 0 0 0
-195.251663839 -349.108561579 -104.69196942 0 0 0
-189.288890964 -352.377235016 -110.424289394 0 0 0
-183.271414917 -355.544073884 -116.028971186 0 0 0
-177.200974706 -358.60816299 -121.499536408 0 0 0
-171.079324647 -361.568616832 -126.829661695 0 0 0
-164.908233854 -364.424579861 -132.013186018 0 0 0
-158.68948573 -367.175226723 -137.044117797 0 0 0
-152.424877448 -369.819762499 -141.916641838 0 0 0
-146.116219437 -372.357422938 -146.625126043 0 0 0
-139.765334856 -374.787474674 -151.164127931 0 0 0
-133.374059067 -377.109215438 -155.52840092 0 0 0
-126.944239102 -379.321974263 -159.712900397 0 0 0
-120.477733136 -381.425111678 -163.712789546 0 0 0
-113.976409943 -383.41801989 -167.523444941 0 0 0
-107.442148361 -385.300122963 -171.140461889 0 0 0
-100.876836746 -387.070876983 -174.55965952 0 0 0
-94.2823724276 -388.729770212 -177.777085624 0 0 0
-87.6606611596 -390.276323244 -180.789021213 0 0 0
-81.0136165706 -391.710089135 -183.591984825 0 0 0
-74.3431596103 -393.030653536 -186.182736548 0 0 0
-67.6512179943 -394.237634814 -188.55828176 0 0 0
-60.9397256471 -395.33068416 -190.715874595 0 0 0
-54.2106221434 -396.309485689 -192.653021117 0 0 0
-47.4658521472 -397.173756535 -194.3674822 0 0 0
-40.70736485 -397.92324693 -195.857276117 0 0 0
-33.9371134078 -398.557740276 -197.120680834 0 0 0
-27.157054376 -399.077053209 -198.156235994 0 0 0
-20.3691471444 -399.481035651 -198.962744612 0 0 0
-13.5753533712 -399.769570854 -199.539274452 0 0 0
-6.77763641523 -399.942575434 -199.885159112 0 0 0
0.0220392304376 -399.999999393 -199.999998786 0 0 0
6.82170850692 -399.941826136 -199.883660733 0 0 0
13.6194063571 -399.768072475 -199.536279426 0 0 0
20.4131682937 -399.478788624 -198.958256401 0 0 0
27.2010309667 -399.074058183 -198.150259786 0 0 0
33.9810327311 -398.553998116 -197.113223536 0 0 0
40.7512142135 -397.918758719 -195.84834635 0 0 0
47.5096188786 -397.168523569 -194.357090285 0 0 0
54.2542935946 -396.30350948 -192.641179066 0 0 0
60.9832891973 -395.323966436 -190.702596097 0 0 0
67.6946610539 -394.230177517 -188.543582162 0 0 0
74.3864696246 -393.02245882 -186.166632842 0 0 0
81.0567810233 -391.701159368 -183.574495625 0 0 0
87.7036675764 -390.266661007 -180.770166734 0 0 0
94.32520838 -388.719378298 -177.75688766 0 0 0
100.919489855 -387.059758393 -174.538141419 0 0 0
107.4846063 -385.288280913 -171.117648521 0 0 0
114.018660441 -383.4054578 -167.499362678 0 0 0
120.519763984 -381.411833179 -163.687466223 0 0 0
126.986038153 -379.307983193 -159.686365286 0 0 0
133.415614241 -377.09451584 -155.500684692 0 0 0
139.806634145 -374.772070796 -151.135262622 0 0 0
146.157250905 -372.341319232 -146.595145019 0 0 0
152.465629237 -369.802963619 -141.885579753 0 0 0
158.729946063 -367.157737523 -137.012010557 0 0 0
164.94839104 -364.406405396 -131.980070734 0 0 0
171.119167079 -361.549762354 -126.795576645 0 0 0
177.24049087 -358.588633947 -121.46452099 0 0 0
183.310593393 -355.523875921 -115.993065875 0 0 0
189.32772043 -352.356373969 -110.387535692 0 0 0
195.290133074 -349.087043478 -104.65440981 0 0 0
201.196108229 -345.71682926 -98.8003150842 0 0 0
207.043939108 -342.246705285 -92.8320181964 0 0 0
212.83193573 -338.677674394 -86.7564178332 0 0 0
218.558425404 -335.010768013 -80.5805367118 0 0 0
224.221753215 -331.247045851 -74.3115134632 0 0 0
229.820282499 -327.387595599 -67.9565943802 0 0 0
235.352395321 -323.43353261 -61.5231250415 0 0 0
240.816492939 -319.385999581 -55.0185418213 0 0 0
246.210996267 -315.246166222 -48.4503632935 0 0 0
251.53434633 -311.015228914 -41.8261815409 0 0 0
256.785004718 -306.69441037 -35.1536533802 0 0 0
261.961454027 -302.284959276 -28.4404915107 0 0 0
267.062198298 -297.788149932 -21.6944556002 0 0 0
272.085763454 -293.205281886 -14.9233433147 0 0 0
277.030697717 -288.537679554 -8.13498130624 0 0 0
281.895572037 -283.786691841 -1.33721616526 0 0 0
286.678980498 -278.953691749 5.4620946487 0 0 0
291.37954073 -274.040075982 12.2550918895 0 0 0
295.995894302 -269.04726454 19.0339236088 0 0 0
300.526707121 -263.976700311 25.7907542319 0 0 0
304.970669813 -258.829848653 32.5177736151 0 0 0
309.326498104 -253.608196971 39.2072060731 0 0 0
313.59293319 -248.313254284 45.8513193669 0 0 0
317.768742101 -242.946550796 52.4424336413 0 0 0
321.852718057 -237.509637445 58.9729303023 0 0 0
325.843680818 -232.004085461 65.435260823 0 0 0
329.740477023 -226.431485912 71.8219554688 0 0 0
333.541980525 -220.79344924 78.1256319319 0 0 0
337.247092717 -215.091604797 84.3390038644 0 0 0
340.854742845 -209.327600378 90.4548893001 0 0 0
344.363888325 -203.503101739 96.4662189566 0 0 0
347.773515039 -197.61979212 102.366044406 0 0 0
351.082637627 -191.679371756 108.147546108 0 0 0
354.290299776 -185.683557389 113.804041289 0 0 0
357.395574495 -179.634081765 119.328991671 0 0 0
360.39756438 -173.532693142 124.716011027 0 0 0
363.295401877 -167.381154779 129.958872562 0 0 0
366.088249532 -161.181244427 135.051516113 0 0 0
368.77530023 -154.934753816 139.98805515 0 0 0
371.355777434 -148.643488141 144.762783583 0 0 0
373.828935402 -142.309265532 149.370182359 0 0 0
376.19405941 -135.933916536 153.804925838 0 0 0
378.450465953 -129.519283584 158.06188795 0 0 0
380.597502945 -123.06722046 162.136148121 0 0 0
382.634549908 -116.579591766 166.022996959 0 0 0
384.56101815 -110.058272382 169.717941701 0 0 0
386.376350933 -103.505146923 173.216711401 0 0 0
388.080023641 -96.9221091967 176.515261872 0 0 0
389.671543922 -90.3110616556 179.609780357 0 0 0
391.15045184 -83.6739148462 182.496689936 0 0 0
392.516319999 -77.0125868579 185.172653664 0 0 0
393.768753674 -70.3290027679 187.634578424 0 0 0
394.907390919 -63.6250940856 189.879618506 0 0 0
395.931902677 -56.902798194 191.905178894 0 0 0
396.841992871 -50.1640577897 193.708918265 0 0 0
397.637398491 -43.4108203218 195.288751697 0 0 0
398.317889671 -36.6450374291 196.64285308 0 0 0
398.883269752 -29.8686643755 197.769657221 0 0 0
399.333375345 -23.0836594859 198.667861662 0 0 0
399.668076372 -16.2919835793 199.336428178 0 0 0
399.887276107 -9.49559940286 199.77458398 0 0 0
399.990911201 -2.69647106428 199.981822609 0 0 0
